EPSG:4326
14:07:13.171.jpg 0.0002243587113 0.0002258707295 -0.22992190718650818 -0.0 0.0 -0.0
14:07:27.171.jpg 0.0001452489016 0.0003145715072 -0.2299218475818634 -0.0002318247201322202 -0.00031129225790912327 -0.00015564905267698853
14:07:42.171.jpg 0.0000861967428 0.0004096833928 -0.2299218624830246 -0.00023182558694113847 -0.0005436527947593094 -0.00027183035164317994
14:07:57.171.jpg 0.0000157096379 0.0005242469048 -0.2299218773841858 -0.00023182723847695497 -0.0008210113364786489 -0.0004105100373068319
14:08:14.171.jpg 0.0000157087906 0.0006540753130 -0.22992177307605743 -0.00023182723847695497 -0.0008210113364786489 -0.0004105100373068319
14:08:39.171.jpg -0.0000089166189 0.0007059077841 -0.2299218624830246 112.41405848309995 -0.0009237922590185762 -0.000444681005989357
14:08:58.171.jpg 0.0001499247977 0.0007140564777 -0.22992193698883057 112.41425549792417 -0.0009454653709761952 -0.00014608897240443475
14:09:14.171.jpg 0.0002951121960 0.0007144882726 -0.2299218624830246 137.16622043425215 -0.000844667124778629 0.0002565037435381787
14:09:24.171.jpg 0.0003687361504 0.0006936357811 -0.22992196679115295 169.13723481310703 -0.0007420351935582223 0.0004437588019333138
14:09:39.171.jpg 0.0004112688424 0.0005875685836 -0.2299218475818634 -148.5784509437962 -0.00047041999414600263 0.0005041753473383234
14:09:55.171.jpg 0.0003789661677 0.0004771704698 -0.2299218773841858 -172.29875288541135 -0.0005057209861387959 0.0004936913321847536
