image x y z qw_nwu qx_nwu qy_nwu qz_nwu
14:07:13.171.jpg    25.0000   -25.0000    -0.2299 1.00000000 0.00000000 0.00000000 0.00000000
14:07:27.171.jpg    34.8176   -16.1849    -0.2299 1.00000000 -0.00000136 0.00000272 0.00000202
14:07:42.171.jpg    45.3449    -9.6048    -0.2299 1.00000000 -0.00000237 0.00000474 0.00000202
14:07:57.171.jpg    58.0251    -1.7505    -0.2299 1.00000000 -0.00000358 0.00000716 0.00000202
14:08:14.171.jpg    72.3949    -1.7504    -0.2299 1.00000000 -0.00000358 0.00000716 0.00000202
14:08:39.171.jpg    78.1318     0.9936    -0.2299 0.55619371 -0.00000886 0.00000126 -0.83105278
14:08:58.171.jpg    79.0337   -16.7059    -0.2299 0.55619228 -0.00000757 0.00000353 -0.83105373
14:09:14.171.jpg    79.0816   -32.8839    -0.2299 0.36515120 -0.00000604 0.00000478 -0.93094814
14:09:24.171.jpg    76.7735   -41.0878    -0.2299 0.09465360 -0.00000608 0.00000447 -0.99551028
14:09:39.171.jpg    65.0337   -45.8271    -0.2299 -0.27078149 -0.00000514 0.00000312 -0.96264088
14:09:55.171.jpg    52.8146   -42.2277    -0.2299 -0.06715548 -0.00000469 0.00000400 -0.99774253
