EPSG:4326
19:52:44.171.jpg 0.0002243587113 0.0002258707295 -0.22992190718650818 -0.0 0.0 -0.0
19:52:51.171.jpg 0.0001917788051 0.0001977884719 -0.2299218326807022 -7.187919899006803e-11 -0.00012834851031957306 -6.417487396862612e-05
19:53:08.171.jpg 0.0001758059219 0.0001169797161 -0.2299218475818634 -1.5926927958131548e-10 -0.00019105366147049088 -9.552769055407414e-05
19:53:14.171.jpg 0.0002019091317 0.0000944055384 -0.22992190718650818 -3.365125448792977e-11 -8.781914474695897e-05 -4.391012604447712e-05
19:53:17.171.jpg 0.0002020506739 0.0000943280952 -0.22992190718650818 -3.3622157584167984e-11 -8.778116291917508e-05 -4.389114164436111e-05
19:53:22.171.jpg 0.0002020506739 0.0000943280952 -0.22992190718650818 -3.3622157584167984e-11 -8.778116291917508e-05 -4.389114164436111e-05
19:53:38.171.jpg 0.0002423551794 0.0001237680486 -0.2299218773841858 -2.1881524378629496e-11 7.081586400121238e-05 3.540785709220261e-05
19:53:45.171.jpg 0.0002568587618 0.0001357323952 -0.2299218624830246 -7.1074649322983e-11 0.00012762863385252488 6.381447977078088e-05
19:53:58.171.jpg 0.0003227712329 0.0001033967493 -0.2299218624830246 -6.544087338792816e-10 0.0003872723043604504 0.00019363563108146367
19:54:45.171.jpg 0.0002398503699 0.0001078861183 -0.645917534828186 121.28060622502686 44.34115544918877 49.01601160577964
19:54:47.171.jpg 0.0002398500276 0.0001078866439 -0.2044566571712494 121.28060622502686 44.34115544918877 49.01601160577964
19:54:51.171.jpg 0.0002398500276 0.0001078866439 -0.2298717200756073 121.28060622502686 44.34115544918877 49.01601160577964
19:54:55.171.jpg 0.0002308140829 0.0001002537674 -0.22756507992744446 -161.37023072198858 44.341107659548875 49.01587107361605
19:55:25.171.jpg 0.0001726641544 0.0001158875666 -1.0811588764190674 -40.54706639439778 21.05738621744142 13.883417031588378
